2845
2786
2782
2768
2818
2822
2850
2848
2795
2819
2750
2761
2789
2789
2786
2805
2806
2799
2882
2641
2567
2556
2502
2538
2528
2495
2528
2547
2530
2525
2516
2533
2517
2591
2627
2618
2621
2636
2627
2605
2627
2623
2616
2705
2661
2673
2720
2721
2797
2909
2909
2911
2965
3085
3095
3080
3040
3055
3045
2997
3045
3030
2952
2986
2950
2995
3100
3120
3050
3025
2935
2912
2933
2998
3035
3050
3010
2998
3040
3085
3110
3120
3190
3355
3300
3285
3270
3275
3325
3315
3345
3330
3335
3455
3390
3345
3265
3140
2938
3075
3070
3100
3080
3010
2809
2936
2836
2729
2609
2586
2768
2978
3100
2892
2982
3120
3245
3390
3465
3390
3310
3260
3335
3480
3440
3390
3260
3365
3330
3295
3430
3535
3435
3400
3360
3405
3380
3370
3335
3430
3295
3300
3400
3385
3585
3525
3490
3415
3515
3470
3455
3530
3635
3730
3710
3680
3645
3675
3805
3930
3900
3855
3915
3860
3790
3795
3930
3975
3905
3850
3885
3875
3885
3810
3930
3985
4020
4005
4080
3975
3920
3920
3960
4035
4000
4140
4095
4155
4125
4220
4105
4165
3950
3950
4015
4070
4020
4005
4080
4040
4085
4130
4515
4785
4955
5130
5250
4890
4830
4915
5050
5050
5150
5080
5010
5100
5180
5050
5200
5240
5040
5140
5280
5460
5450
5370
5230
5250
5260
5380
5450
5600
5750
5950
5960
5830
5910
5820
5860
5940
5980
5860
5890
5910
5780
5920
6080
6060
6140
6070
6330
6130
6150
6250
6220
6060
5980
6040
5820
5950
6030
6170
5750
5650
5550
5810
5710
5960
5270
4950
5180
5260
5150
5000
5160
5340
5370
5490
5430
5730
5810
5880
5690
5740
5730
5850
5940
6090
6090
6330
6640
6620
6590
6630
6850
6870
6670
6550
6640
6590
6660
6700
6620
6800
6780
6600
6700
7020
7100
7080
6930
6870
7140
7200
7020
7290
6850
6590
6690
6600
6700
6680
6620
6840
7070
7190
6880
6850
6900
6990
6750
6800
6700
6590
6600
6480
6650
6630
6540
6440
6520
6380
6570
6460
6750
6760
6630
6600
6690
6650
6890
6970
7150
7160
7200
7410
7470
7180
7190
7300
7250
7390
7300
7480
7520
7550
7420
7400
7440
7180
7160
7200
7090
7080
7050
7100
7050
7000
6960
7100
6770
6720
6720
6890
7030
6530
6790
6670
6760
6670
6610
6590
6490
6580
6600
7010
7060
7200
7030
6820
6690
6450
6640
6770
6590
6650
6800
6720
6620
6570
6470
6520
6250
6440
6370
6450
6510
6420
6430
6500
6300
6280
6250
6310
6330
6030
6130
6190
6230
6120
6040
6010
6080
5964
6080
6130
6250
6130
6160
6010
6320
6160
6120
6110
6030
5960
5904
5914
5858
5774
5598
5684
5658
5672
5890
5986
6070
6000
6030
6160
6140
6380
6440
6480
6680
6580
6750
6680
6880
6850
6950
6920
6730
6780
6690
6480
6700
6630
6530
6270
6210
