40920
41180
40490
40970
40410
40770
40890
40300
39870
40150
40160
39060
38610
38550
38110
37870
36730
37020
37790
38490
38620
41500
42730
42210
42000
41960
41960
42390
42040
41790
41280
42070
42330
42970
43000
41490
42290
42580
42530
42580
42350
43240
44390
43830
43680
43760
45080
46370
45740
44870
44930
45460
45520
44500
43720
43200
43260
43260
43370
43550
43810
43970
42740
42940
42640
43380
43440
43200
43070
42960
42990
42990
43110
43320
43530
43700
42400
42600
42720
42270
40770
40040
40100
40430
40900
40500
40650
40560
40190
39840
40000
39790
40050
40100
39950
39230
38960
38190
36270
37090
36800
37250
37920
37410
35930
36190
35470
34820
33220
32950
34880
35510
37230
37810
38610
39640
39730
40400
40930
41610
41950
41330
41880
42920
43190
43590
43730
44370
44310
45480
46730
47000
46830
45930
46030
46980
46660
46900
46840
46220
44650
44650
46100
44300
43640
44850
45000
44770
45010
44550
43980
44210
45060
44880
44600
44600
44100
43860
43540
44460
44070
44630
45240
45850
45070
45200
45340
47030
47640
46970
47590
48740
50110
50520
50150
49200
49390
48270
48500
48040
48010
47790
48290
50020
50430
51560
49630
49650
48680
48800
48100
48710
47750
47650
47020
47870
47680
47500
47290
47270
47300
46440
46970
47590
49100
49190
50460
50040
50460
51200
51320
51550
52830
53380
53300
54700
57320
56030
57530
57250
56390
56740
58590
59550
60520
59800
58950
57030
57880
59030
59230
59250
59730
59830
58980
59700
60420
59220
59020
60100
60920
59660
58200
56920
57350
57860
58330
58130
58730
59390
59120
58580
57920
58240
57220
56250
55850
55030
55090
57030
57470
58100
56980
57590
56680
57910
57810
56550
54010
51680
53900
54480
53440
53190
53240
54420
54550
54990
55160
57710
58190
59260
57370
57010
56250
56930
57770
58390
58950
59010
60340
62230
61620
63410
67600
66720
65250
64400
64730
64670
65880
65830
65550
66090
64780
64750
65370
65810
65540
65860
64720
62760
63920
62680
62200
62610
61660
60580
62640
62400
62500
61580
63380
63450
62250
64350
66340
66600
68340
68610
68600
68300
68030
66440
68360
64750
65270
64520
63400
61120
62030
59740
58830
59000
59740
60650
61620
63640
63500
63360
62530
62980
63980
63140
62310
64250
64650
63550
61810
62920
62940
63340
63710
63800
64760
64850
64670
65420
65900
64850
65050
64100
63070
62620
62460
62420
61450
61000
62250
62690
61610
60410
62220
62480
61710
60120
61280
62710
61830
62590
62680
64720
65000
66750
67490
67090
67970
67700
66760
67160
67720
67760
68580
68540
67460
67090
67150
65080
65070
63250
64000
65300
64730
65190
64080
64410
64070
64490
64600
64620
64510
65150
65150
66760
66700
63160
63290
63720
63340
63430
63280
62500
61290
59970
59820
60120
60430
59180
58710
56400
57380
56730
55520
56490
52410
50810
52640
52360
52440
51940
52080
52270
51590
52410
52560
53250
53290
52550
51770
52490
52900
53720
54690
54320
55140
55680
54650
54340
55270
55270
54210
53890
52500
53470
52660
53240
53800
54180
53430
53230
54310
